Current Deformation Parameters:  [-5.48272242e-01  1.51089102e-02  8.59925031e-03 -5.27037092e+00
 -4.06975953e+00  9.18017721e+00 -2.81631224e+00  1.83543064e+01
 -4.55706297e+00 -1.22653926e+01  3.82519959e+00 -9.28145803e+00
  5.88521106e+00 -8.16103348e+00  9.71442731e+00  2.31202206e+00
 -4.50403799e+00  4.94077684e+00 -6.83804107e+00 -4.20250248e-01
  2.88580512e-02  4.37136792e-02  3.28247743e-01  1.03268594e+01
  1.81294826e-01 -2.01219737e+00  4.81699149e+00 -2.73501331e+01
  3.00661848e+00 -6.06949141e+00  1.68304164e+00  1.36015442e+01
 -8.92478879e+00  1.51046141e+01 -2.51909782e+00 -2.94809543e+00
 -2.58664232e+00 -9.40145079e+00] 


Total Time elapsed:  7.670750319957733  minutes


Deformation Coefficients:  [-5.48272242e-01  1.51089102e-02  8.59925031e-03 -5.27037092e+00
 -4.06975953e+00  9.18017721e+00 -2.81631224e+00  1.83543064e+01
 -4.55706297e+00 -1.22653926e+01  3.82519959e+00 -9.28145803e+00
  5.88521106e+00 -8.16103348e+00  9.71442731e+00  2.31202206e+00
 -4.50403799e+00  4.94077684e+00 -6.83804107e+00 -4.20250248e-01
  2.88580512e-02  4.37136792e-02  3.28247743e-01  1.03268594e+01
  1.81294826e-01 -2.01219737e+00  4.81699149e+00 -2.73501331e+01
  3.00661848e+00 -6.06949141e+00  1.68304164e+00  1.36015442e+01
 -8.92478879e+00  1.51046141e+01 -2.51909782e+00 -2.94809543e+00
 -2.58664232e+00 -9.40145079e+00] 


Registration Parameters:  (20, 3, [-50, 50, -50, 50], 'gaussian') 


