Current Deformation Parameters:  [-5.48272538e-01  1.51089095e-02  8.59925266e-03 -5.27037105e+00
 -4.06975918e+00  9.18017865e+00 -2.81631312e+00  1.83543078e+01
 -4.55706710e+00 -1.22653913e+01  3.82519923e+00 -9.28145815e+00
  5.88521242e+00 -8.16103373e+00  9.71442746e+00  2.31202298e+00
 -4.50403864e+00  4.94077694e+00 -6.83804115e+00 -4.20250193e-01
  2.88580540e-02  4.37136752e-02  3.28247409e-01  1.03268593e+01
  1.81295955e-01 -2.01219715e+00  4.81699202e+00 -2.73501336e+01
  3.00661762e+00 -6.06949127e+00  1.68304232e+00  1.36015438e+01
 -8.92478800e+00  1.51046137e+01 -2.51910105e+00 -2.94809197e+00
 -2.58664444e+00 -9.40144986e+00] 


Total Time elapsed:  10.857219684123994  minutes


Deformation Coefficients:  [-5.48272538e-01  1.51089095e-02  8.59925266e-03 -5.27037105e+00
 -4.06975918e+00  9.18017865e+00 -2.81631312e+00  1.83543078e+01
 -4.55706710e+00 -1.22653913e+01  3.82519923e+00 -9.28145815e+00
  5.88521242e+00 -8.16103373e+00  9.71442746e+00  2.31202298e+00
 -4.50403864e+00  4.94077694e+00 -6.83804115e+00 -4.20250193e-01
  2.88580540e-02  4.37136752e-02  3.28247409e-01  1.03268593e+01
  1.81295955e-01 -2.01219715e+00  4.81699202e+00 -2.73501336e+01
  3.00661762e+00 -6.06949127e+00  1.68304232e+00  1.36015438e+01
 -8.92478800e+00  1.51046137e+01 -2.51910105e+00 -2.94809197e+00
 -2.58664444e+00 -9.40144986e+00] 


Registration Parameters:  (20, 3, [], 'gaussian') 


