Current Deformation Parameters:  [-1.92760794e+01  2.17515352e-01  3.42368936e-02  3.63233739e+01
 -4.05465223e+00  1.44656590e+01  9.04171395e+00 -1.01360447e+01
 -2.35757922e+01 -2.15591326e+01  1.15770213e+01  6.25930481e+00
  2.89696961e+01 -1.90592991e+01  2.68657214e+01 -1.91815535e+01
 -9.04772458e+00  1.17741196e+01 -4.30127532e+01 -5.45553711e+00
  5.81203095e-02  2.13895612e-01  1.01018118e+01  3.24700862e+00
  9.57485715e+00 -3.94429354e+01  4.09727617e+00 -2.00589259e+01
 -6.17568197e+00  2.40834468e+01  4.66325613e+00 -2.37603704e+00
 -1.09829871e+01  1.02312921e+01 -6.02947832e+00  3.66432744e+01
 -4.61881695e+01 -5.39320348e+00] 


Total Time elapsed:  11.76496054728826  minutes


Deformation Coefficients:  [-1.92760794e+01  2.17515352e-01  3.42368936e-02  3.63233739e+01
 -4.05465223e+00  1.44656590e+01  9.04171395e+00 -1.01360447e+01
 -2.35757922e+01 -2.15591326e+01  1.15770213e+01  6.25930481e+00
  2.89696961e+01 -1.90592991e+01  2.68657214e+01 -1.91815535e+01
 -9.04772458e+00  1.17741196e+01 -4.30127532e+01 -5.45553711e+00
  5.81203095e-02  2.13895612e-01  1.01018118e+01  3.24700862e+00
  9.57485715e+00 -3.94429354e+01  4.09727617e+00 -2.00589259e+01
 -6.17568197e+00  2.40834468e+01  4.66325613e+00 -2.37603704e+00
 -1.09829871e+01  1.02312921e+01 -6.02947832e+00  3.66432744e+01
 -4.61881695e+01 -5.39320348e+00] 


Registration Parameters:  (30, 3, [], 'gaussian') 


