Current Deformation Parameters:  [-7.03823971e+00  3.59694013e-02  2.95596205e-02  3.10438116e+00
 -3.98160472e+00 -3.01013307e+00 -5.22478356e-01  6.25286275e+00
  6.53795317e+00  5.33417778e+00  1.01844729e+01  2.30695758e+00
  1.97460430e+01 -1.93389502e+01  4.99699264e+00  1.16589882e+01
 -1.71309569e+01 -1.66002765e+01 -1.48576084e+01  2.40377945e+00
  9.49054723e-03 -4.61235859e-02 -6.28609553e+00  1.16432774e+01
  2.13263750e+01  8.64627794e-01  3.47570183e+00 -8.31827256e+00
  1.85419635e+01 -1.44903917e+01 -9.44605575e+00 -7.00834325e-01
 -3.12018708e+01  8.60742257e+00 -2.40785326e+01  6.62953354e+00
  4.79674841e+01 -1.73723169e+01] 


Total Time elapsed:  30.89230678876241  minutes


Deformation Coefficients:  [-7.03823971e+00  3.59694013e-02  2.95596205e-02  3.10438116e+00
 -3.98160472e+00 -3.01013307e+00 -5.22478356e-01  6.25286275e+00
  6.53795317e+00  5.33417778e+00  1.01844729e+01  2.30695758e+00
  1.97460430e+01 -1.93389502e+01  4.99699264e+00  1.16589882e+01
 -1.71309569e+01 -1.66002765e+01 -1.48576084e+01  2.40377945e+00
  9.49054723e-03 -4.61235859e-02 -6.28609553e+00  1.16432774e+01
  2.13263750e+01  8.64627794e-01  3.47570183e+00 -8.31827256e+00
  1.85419635e+01 -1.44903917e+01 -9.44605575e+00 -7.00834325e-01
 -3.12018708e+01  8.60742257e+00 -2.40785326e+01  6.62953354e+00
  4.79674841e+01 -1.73723169e+01] 


Registration Parameters:  (27, 3, [-50, 50, -50, 50], 'gaussian') 


