Current Deformation Parameters:  [ 3.08341664e+00  7.20060468e-02 -2.41446699e-02 -9.80456153e+00
  4.03090430e+00 -1.07746417e+01  8.70298370e+00  4.33798153e+00
  7.13681191e+00 -4.24550164e-02  9.98440021e+00  9.93439914e+00
  1.24476957e+01  9.23966906e-01 -3.01239870e-02  9.39754227e+00
 -2.04068763e+01 -4.49998641e+01 -2.86188947e+00  4.61430747e+00
 -5.75958571e-02  5.95632436e-02 -3.27579589e+00  6.66238344e+00
  1.98975273e+01 -1.52643163e+01  2.51107366e+00 -2.25402248e+00
  1.14056368e+01 -6.03248105e+00 -9.06590864e+00 -2.00652978e+01
  2.03115135e+00 -1.20742594e+01  1.04141987e+01 -2.85760449e+01
  7.61459627e+01 -3.96975844e+01] 


Total Time elapsed:  25.24048420190811  minutes


Deformation Parameters:  [ 3.08341664e+00  7.20060468e-02 -2.41446699e-02 -9.80456153e+00
  4.03090430e+00 -1.07746417e+01  8.70298370e+00  4.33798153e+00
  7.13681191e+00 -4.24550164e-02  9.98440021e+00  9.93439914e+00
  1.24476957e+01  9.23966906e-01 -3.01239870e-02  9.39754227e+00
 -2.04068763e+01 -4.49998641e+01 -2.86188947e+00  4.61430747e+00
 -5.75958571e-02  5.95632436e-02 -3.27579589e+00  6.66238344e+00
  1.98975273e+01 -1.52643163e+01  2.51107366e+00 -2.25402248e+00
  1.14056368e+01 -6.03248105e+00 -9.06590864e+00 -2.00652978e+01
  2.03115135e+00 -1.20742594e+01  1.04141987e+01 -2.85760449e+01
  7.61459627e+01 -3.96975844e+01] 


