Current Deformation Parameters:  [-4.21609238e+00  5.25046741e-02  2.84698156e-02 -5.66025489e+00
  6.87056356e+00 -8.96513327e+00 -9.32265514e-01  4.56157555e+00
  3.87944688e-01  7.75347717e+00  8.50123527e+00  9.12030472e+00
  2.00271821e+01 -7.55578733e+00  3.92828045e+00  1.11541789e+01
 -1.40695070e+01 -4.38485201e+01 -6.90231745e+00 -2.79382178e+00
  4.72465230e-03 -4.25785265e-02  6.78004754e+00 -2.07474412e-01
  2.48117485e+01  3.04841608e+00 -4.64136939e+00 -2.20991448e+00
  5.37566636e+00 -1.19697388e+01 -1.38505878e+01  3.06706015e+00
  4.38835906e+00  1.16710596e+00 -1.08274030e+01  8.58208192e+00
  1.05083113e+01 -4.25885275e+00] 


Total Time elapsed:  21.99209794998169  minutes


Deformation Coefficients:  [-4.21609238e+00  5.25046741e-02  2.84698156e-02 -5.66025489e+00
  6.87056356e+00 -8.96513327e+00 -9.32265514e-01  4.56157555e+00
  3.87944688e-01  7.75347717e+00  8.50123527e+00  9.12030472e+00
  2.00271821e+01 -7.55578733e+00  3.92828045e+00  1.11541789e+01
 -1.40695070e+01 -4.38485201e+01 -6.90231745e+00 -2.79382178e+00
  4.72465230e-03 -4.25785265e-02  6.78004754e+00 -2.07474412e-01
  2.48117485e+01  3.04841608e+00 -4.64136939e+00 -2.20991448e+00
  5.37566636e+00 -1.19697388e+01 -1.38505878e+01  3.06706015e+00
  4.38835906e+00  1.16710596e+00 -1.08274030e+01  8.58208192e+00
  1.05083113e+01 -4.25885275e+00] 


Registration Parameters:  (30, 3, [-50, 50, -50, 50], 'gaussian') 


