Total Time elapsed:  16.519328165054322  minutes


Deformation Parameters:  [-2.22268789e-01  1.93143759e-01 -1.19107084e-01 -6.93074849e+00
 -6.40018937e-01  5.25733844e+01  4.56970913e+01 -1.11220702e+01
 -3.04266235e+01  2.67524981e+01 -1.41333750e+02 -9.63489790e+00
  4.04887048e+01 -5.78826046e+00  8.44425253e+01 -1.38751905e+01
  4.15513653e+01 -1.40856709e+02  7.58483232e+01 -1.29660546e+01
 -1.89007777e-02  1.94697964e-01  1.20671194e+01  2.56088354e+00
  1.22936665e+01 -3.53355868e+01 -2.02298468e+01  1.58053881e+01
  6.23560237e+00  3.79936543e-01  2.18411041e+00 -2.62992774e+01
  1.09264257e+00  2.95308328e+01 -3.97286914e+00  9.92068109e+00
  3.08526848e+01 -5.29438437e+01] 


