Current Deformation Parameters:  [-2.00534341e+01  2.05005772e-01 -2.07121016e-02 -4.19804482e+01
 -3.84973619e+01 -5.10827891e+01  1.57249587e+02  1.29187940e+02
  7.94864859e+00  3.87062087e+01 -9.56237174e+01 -2.08001015e+02
  1.37005239e+02 -1.07159265e+02  1.01789888e+01  6.73609318e+01
  3.33166163e+01 -7.47414159e+01  7.96213456e+01 -6.57545678e+01
  5.68283215e-02  3.62069920e-01 -4.70511455e+01 -4.53650236e+01
  2.06513431e+02 -2.29205888e+02  9.28185169e+01  1.15006803e+02
 -1.69774074e+02  1.42272642e+02 -2.91092761e+01  6.96060347e+00
 -1.82727637e+00  6.42294918e+00  1.95777593e+01 -5.23056250e+01
 -9.05066134e+00  1.53699107e+01] 


Total Time elapsed:  50.02713141043981  minutes


Deformation Coefficients:  [-2.00534341e+01  2.05005772e-01 -2.07121016e-02 -4.19804482e+01
 -3.84973619e+01 -5.10827891e+01  1.57249587e+02  1.29187940e+02
  7.94864859e+00  3.87062087e+01 -9.56237174e+01 -2.08001015e+02
  1.37005239e+02 -1.07159265e+02  1.01789888e+01  6.73609318e+01
  3.33166163e+01 -7.47414159e+01  7.96213456e+01 -6.57545678e+01
  5.68283215e-02  3.62069920e-01 -4.70511455e+01 -4.53650236e+01
  2.06513431e+02 -2.29205888e+02  9.28185169e+01  1.15006803e+02
 -1.69774074e+02  1.42272642e+02 -2.91092761e+01  6.96060347e+00
 -1.82727637e+00  6.42294918e+00  1.95777593e+01 -5.23056250e+01
 -9.05066134e+00  1.53699107e+01] 


Registration Parameters:  (50, 3, [-50, 50, -50, 50], 'gaussian') 


