Current Deformation Parameters:  [-4.74825080e+01  2.69061211e-02  1.83461609e-01 -1.87941413e+01
  2.45800839e+01  4.68381556e+01  4.55322847e+01  7.61027194e+01
 -1.78716362e+01 -8.26995802e+01 -9.97043219e+01 -6.76287171e+01
 -4.30841350e-01  3.46044470e+01  7.12658438e+01  6.83518619e+01
 -5.37595221e+00  2.42961771e+01 -2.71426670e+01 -2.00489414e+01
 -2.10062268e-01  2.42791965e-01  3.46427442e+01 -3.85980437e+01
  4.33061346e+00 -5.35593626e+01  3.16022651e+01 -5.65890213e+01
  9.08897235e+01  3.66863860e+01 -2.23719109e+01 -4.75084256e+00
 -8.80100091e+01  2.14439730e+01  7.69736659e+01 -3.63002029e+00
 -2.03328354e+00  2.15352756e+01] 


Total Time elapsed:  71.81449743509293  minutes


Deformation Coefficients:  [-4.74825080e+01  2.69061211e-02  1.83461609e-01 -1.87941413e+01
  2.45800839e+01  4.68381556e+01  4.55322847e+01  7.61027194e+01
 -1.78716362e+01 -8.26995802e+01 -9.97043219e+01 -6.76287171e+01
 -4.30841350e-01  3.46044470e+01  7.12658438e+01  6.83518619e+01
 -5.37595221e+00  2.42961771e+01 -2.71426670e+01 -2.00489414e+01
 -2.10062268e-01  2.42791965e-01  3.46427442e+01 -3.85980437e+01
  4.33061346e+00 -5.35593626e+01  3.16022651e+01 -5.65890213e+01
  9.08897235e+01  3.66863860e+01 -2.23719109e+01 -4.75084256e+00
 -8.80100091e+01  2.14439730e+01  7.69736659e+01 -3.63002029e+00
 -2.03328354e+00  2.15352756e+01] 


Registration Parameters:  (50, 3, [-50, 50, -50, 50], 'gaussian') 


