Total Time elapsed:  43.20245058139165  minutes


Deformation Coefficients:  [-4.75590206e+01  2.68364624e-02  1.83621022e-01 -1.89282470e+01
  2.51348287e+01  4.66619391e+01  4.55579184e+01  7.64406775e+01
 -1.91930218e+01 -8.21962622e+01 -9.97415688e+01 -6.83495958e+01
  1.82324116e+00  3.31981817e+01  7.16225716e+01  6.88932380e+01
 -6.27660889e+00  2.47393878e+01 -2.71985491e+01 -2.02177752e+01
 -2.09517174e-01  2.42678343e-01  3.51241346e+01 -3.86745223e+01
  4.71690645e+00 -5.37064102e+01  3.16418992e+01 -5.72123706e+01
  9.08002598e+01  3.70071142e+01 -2.21615097e+01 -4.86843968e+00
 -8.80284554e+01  2.15081635e+01  7.67910014e+01 -3.44621829e+00
 -1.99837514e+00  2.15022676e+01] 


Registration Parameters:  (50, 3, [-50, 50, -50, 50], 'gaussian') 


