Current Deformation Parameters:  [ 7.25314428e+00  2.16260305e-02 -6.11377496e-02  1.66225228e+00
  1.31239186e+01  1.34554956e+01 -1.28561475e+01 -2.41713100e+01
 -2.80975702e+01  6.39808551e+01 -1.78182190e+00 -1.19350128e+01
 -4.42150075e+01 -1.02792069e+01  2.88308817e+01 -1.36772892e+01
  8.95934185e+00  9.21985405e+00 -8.09736277e+00 -2.18396251e+00
 -6.57207320e-03  4.24181527e-02  3.19661024e+00 -5.72596530e+00
 -4.90250735e+00  4.22319268e+00  4.10119629e-01  1.20072383e+01
 -2.58698738e+01  5.76499288e+00  3.80603186e+00  2.02976848e+01
  2.07778222e+00 -3.62198634e+01  5.90303565e+00 -1.01532013e+01
  1.16579322e+01  1.90136726e+00] 


Total Time elapsed:  62.422208662827806  minutes


Deformation Coefficients:  [ 7.25314428e+00  2.16260305e-02 -6.11377496e-02  1.66225228e+00
  1.31239186e+01  1.34554956e+01 -1.28561475e+01 -2.41713100e+01
 -2.80975702e+01  6.39808551e+01 -1.78182190e+00 -1.19350128e+01
 -4.42150075e+01 -1.02792069e+01  2.88308817e+01 -1.36772892e+01
  8.95934185e+00  9.21985405e+00 -8.09736277e+00 -2.18396251e+00
 -6.57207320e-03  4.24181527e-02  3.19661024e+00 -5.72596530e+00
 -4.90250735e+00  4.22319268e+00  4.10119629e-01  1.20072383e+01
 -2.58698738e+01  5.76499288e+00  3.80603186e+00  2.02976848e+01
  2.07778222e+00 -3.62198634e+01  5.90303565e+00 -1.01532013e+01
  1.16579322e+01  1.90136726e+00] 


Registration Parameters:  (35, 3, [], 'gaussian') 


