Total Time elapsed:  40.909058201313016  minutes


Deformation Coefficients:  [-1.75909061e+01  2.57763239e-02  6.90838956e-02  8.26318892e+00
  1.20425473e+01  1.98514618e+01  8.17743839e-01 -3.43180650e+01
 -1.70078778e+01 -1.68038648e+01  1.24135955e+01  2.00819236e+01
  3.23332150e+01 -1.62281423e+01 -3.67810300e+01  7.64242498e+00
  3.74541288e+01 -3.30198838e+01  5.05405327e+00  4.01984908e+00
 -3.21640322e-02  2.41308944e-03 -2.36017651e+01  5.68026880e+01
  5.57036648e+00 -2.04468693e+01  2.45894592e+00 -2.83093938e+01
 -1.45294275e+01  5.02905015e+00  7.90600011e-01  9.03022390e+00
  1.45310365e+01  4.55621799e+00 -9.90303814e-01  2.44946576e+00
 -1.65507678e+00  2.02655454e+00] 


Registration Parameters:  (35, 3, [], 'gaussian') 


