Current Deformation Parameters:  [ 4.11640679e+00  2.39210026e-02 -5.33352072e-02 -8.85619227e+00
  1.17618502e+01  1.43617209e+01 -1.14147345e+01 -9.48112849e+00
 -3.07009256e+01  5.67389474e+01 -1.39347471e-02  3.14298112e+01
 -4.67446932e+01 -1.47493547e+01  2.90073716e+01 -3.79281355e+01
  1.38027112e+01  6.64778657e+00 -7.27544670e+00 -2.39593752e+00
 -9.12784699e-03  3.78021821e-02 -2.10522597e+00 -5.74707615e+00
 -5.26341482e+00  5.46216457e+00  1.38477649e+01  1.21608302e+01
 -2.57643852e+01  5.56349379e+00 -1.73134607e+00  1.87922137e+01
 -9.00225551e-01 -3.43208765e+01  6.34787877e+00 -8.52271842e+00
  1.08928117e+01  4.64705036e+00] 


Total Time elapsed:  56.191134977340695  minutes


Deformation Coefficients:  [ 4.11640679e+00  2.39210026e-02 -5.33352072e-02 -8.85619227e+00
  1.17618502e+01  1.43617209e+01 -1.14147345e+01 -9.48112849e+00
 -3.07009256e+01  5.67389474e+01 -1.39347471e-02  3.14298112e+01
 -4.67446932e+01 -1.47493547e+01  2.90073716e+01 -3.79281355e+01
  1.38027112e+01  6.64778657e+00 -7.27544670e+00 -2.39593752e+00
 -9.12784699e-03  3.78021821e-02 -2.10522597e+00 -5.74707615e+00
 -5.26341482e+00  5.46216457e+00  1.38477649e+01  1.21608302e+01
 -2.57643852e+01  5.56349379e+00 -1.73134607e+00  1.87922137e+01
 -9.00225551e-01 -3.43208765e+01  6.34787877e+00 -8.52271842e+00
  1.08928117e+01  4.64705036e+00] 


Registration Parameters:  (20, 3, [], 'gaussian') 


